unsigned char Mult[256][256] = {
{0,0,0,0,0,0,0,0,0,0,0,0,0,0,0,0,0,0,0,0,0,0,0,0,0,0,0,0,0,0,0,0,0,0,0,0,0,0,0,0,0,0,0,0,0,0,0,0,0,0,0,0,0,0,0,0,0,0,0,0,0,0,0,0,0,0,0,0,0,0,0,0,0,0,0,0,0,0,0,0,0,0,0,0,0,0,0,0,0,0,0,0,0,0,0,0,0,0,0,0,0,0,0,0,0,0,0,0,0,0,0,0,0,0,0,0,0,0,0,0,0,0,0,0,0,0,0,0,0,0,0,0,0,0,0,0,0,0,0,0,0,0,0,0,0,0,0,0,0,0,0,0,0,0,0,0,0,0,0,0,0,0,0,0,0,0,0,0,0,0,0,0,0,0,0,0,0,0,0,0,0,0,0,0,0,0,0,0,0,0,0,0,0,0,0,0,0,0,0,0,0,0,0,0,0,0,0,0,0,0,0,0,0,0,0,0,0,0,0,0,0,0,0,0,0,0,0,0,0,0,0,0,0,0,0,0,0,0,0,0,0,0,0,0,0,0,0,0,0,0,0,0,0,0,0,0},
{0,1,2,3,4,5,6,7,8,9,10,11,12,13,14,15,16,17,18,19,20,21,22,23,24,25,26,27,28,29,30,31,32,33,34,35,36,37,38,39,40,41,42,43,44,45,46,47,48,49,50,51,52,53,54,55,56,57,58,59,60,61,62,63,64,65,66,67,68,69,70,71,72,73,74,75,76,77,78,79,80,81,82,83,84,85,86,87,88,89,90,91,92,93,94,95,96,97,98,99,100,101,102,103,104,105,106,107,108,109,110,111,112,113,114,115,116,117,118,119,120,121,122,123,124,125,126,127,128,129,130,131,132,133,134,135,136,137,138,139,140,141,142,143,144,145,146,147,148,149,150,151,152,153,154,155,156,157,158,159,160,161,162,163,164,165,166,167,168,169,170,171,172,173,174,175,176,177,178,179,180,181,182,183,184,185,186,187,188,189,190,191,192,193,194,195,196,197,198,199,200,201,202,203,204,205,206,207,208,209,210,211,212,213,214,215,216,217,218,219,220,221,222,223,224,225,226,227,228,229,230,231,232,233,234,235,236,237,238,239,240,241,242,243,244,245,246,247,248,249,250,251,252,253,254,255},
{0,2,4,6,8,10,12,14,16,18,20,22,24,26,28,30,32,34,36,38,40,42,44,46,48,50,52,54,56,58,60,62,64,66,68,70,72,74,76,78,80,82,84,86,88,90,92,94,96,98,100,102,104,106,108,110,112,114,116,118,120,122,124,126,128,130,132,134,136,138,140,142,144,146,148,150,152,154,156,158,160,162,164,166,168,170,172,174,176,178,180,182,184,186,188,190,192,194,196,198,200,202,204,206,208,210,212,214,216,218,220,222,224,226,228,230,232,234,236,238,240,242,244,246,248,250,252,254,43,41,47,45,35,33,39,37,59,57,63,61,51,49,55,53,11,9,15,13,3,1,7,5,27,25,31,29,19,17,23,21,107,105,111,109,99,97,103,101,123,121,127,125,115,113,119,117,75,73,79,77,67,65,71,69,91,89,95,93,83,81,87,85,171,169,175,173,163,161,167,165,187,185,191,189,179,177,183,181,139,137,143,141,131,129,135,133,155,153,159,157,147,145,151,149,235,233,239,237,227,225,231,229,251,249,255,253,243,241,247,245,203,201,207,205,195,193,199,197,219,217,223,221,211,209,215,213},
{0,3,6,5,12,15,10,9,24,27,30,29,20,23,18,17,48,51,54,53,60,63,58,57,40,43,46,45,36,39,34,33,96,99,102,101,108,111,106,105,120,123,126,125,116,119,114,113,80,83,86,85,92,95,90,89,72,75,78,77,68,71,66,65,192,195,198,197,204,207,202,201,216,219,222,221,212,215,210,209,240,243,246,245,252,255,250,249,232,235,238,237,228,231,226,225,160,163,166,165,172,175,170,169,184,187,190,189,180,183,178,177,144,147,150,149,156,159,154,153,136,139,142,141,132,135,130,129,171,168,173,174,167,164,161,162,179,176,181,182,191,188,185,186,155,152,157,158,151,148,145,146,131,128,133,134,143,140,137,138,203,200,205,206,199,196,193,194,211,208,213,214,223,220,217,218,251,248,253,254,247,244,241,242,227,224,229,230,239,236,233,234,107,104,109,110,103,100,97,98,115,112,117,118,127,124,121,122,91,88,93,94,87,84,81,82,67,64,69,70,79,76,73,74,11,8,13,14,7,4,1,2,19,16,21,22,31,28,25,26,59,56,61,62,55,52,49,50,35,32,37,38,47,44,41,42},
{0,4,8,12,16,20,24,28,32,36,40,44,48,52,56,60,64,68,72,76,80,84,88,92,96,100,104,108,112,116,120,124,128,132,136,140,144,148,152,156,160,164,168,172,176,180,184,188,192,196,200,204,208,212,216,220,224,228,232,236,240,244,248,252,43,47,35,39,59,63,51,55,11,15,3,7,27,31,19,23,107,111,99,103,123,127,115,119,75,79,67,71,91,95,83,87,171,175,163,167,187,191,179,183,139,143,131,135,155,159,147,151,235,239,227,231,251,255,243,247,203,207,195,199,219,223,211,215,86,82,94,90,70,66,78,74,118,114,126,122,102,98,110,106,22,18,30,26,6,2,14,10,54,50,62,58,38,34,46,42,214,210,222,218,198,194,206,202,246,242,254,250,230,226,238,234,150,146,158,154,134,130,142,138,182,178,190,186,166,162,174,170,125,121,117,113,109,105,101,97,93,89,85,81,77,73,69,65,61,57,53,49,45,41,37,33,29,25,21,17,13,9,5,1,253,249,245,241,237,233,229,225,221,217,213,209,205,201,197,193,189,185,181,177,173,169,165,161,157,153,149,145,141,137,133,129},
{0,5,10,15,20,17,30,27,40,45,34,39,60,57,54,51,80,85,90,95,68,65,78,75,120,125,114,119,108,105,102,99,160,165,170,175,180,177,190,187,136,141,130,135,156,153,150,147,240,245,250,255,228,225,238,235,216,221,210,215,204,201,198,195,107,110,97,100,127,122,117,112,67,70,73,76,87,82,93,88,59,62,49,52,47,42,37,32,19,22,25,28,7,2,13,8,203,206,193,196,223,218,213,208,227,230,233,236,247,242,253,248,155,158,145,148,143,138,133,128,179,182,185,188,167,162,173,168,214,211,220,217,194,199,200,205,254,251,244,241,234,239,224,229,134,131,140,137,146,151,152,157,174,171,164,161,186,191,176,181,118,115,124,121,98,103,104,109,94,91,84,81,74,79,64,69,38,35,44,41,50,55,56,61,14,11,4,1,26,31,16,21,189,184,183,178,169,172,163,166,149,144,159,154,129,132,139,142,237,232,231,226,249,252,243,246,197,192,207,202,209,212,219,222,29,24,23,18,9,12,3,6,53,48,63,58,33,36,43,46,77,72,71,66,89,92,83,86,101,96,111,106,113,116,123,126},
{0,6,12,10,24,30,20,18,48,54,60,58,40,46,36,34,96,102,108,106,120,126,116,114,80,86,92,90,72,78,68,66,192,198,204,202,216,222,212,210,240,246,252,250,232,238,228,226,160,166,172,170,184,190,180,178,144,150,156,154,136,142,132,130,171,173,167,161,179,181,191,185,155,157,151,145,131,133,143,137,203,205,199,193,211,213,223,217,251,253,247,241,227,229,239,233,107,109,103,97,115,117,127,121,91,93,87,81,67,69,79,73,11,13,7,1,19,21,31,25,59,61,55,49,35,37,47,41,125,123,113,119,101,99,105,111,77,75,65,71,85,83,89,95,29,27,17,23,5,3,9,15,45,43,33,39,53,51,57,63,189,187,177,183,165,163,169,175,141,139,129,135,149,147,153,159,221,219,209,215,197,195,201,207,237,235,225,231,245,243,249,255,214,208,218,220,206,200,194,196,230,224,234,236,254,248,242,244,182,176,186,188,174,168,162,164,134,128,138,140,158,152,146,148,22,16,26,28,14,8,2,4,38,32,42,44,62,56,50,52,118,112,122,124,110,104,98,100,70,64,74,76,94,88,82,84},
{0,7,14,9,28,27,18,21,56,63,54,49,36,35,42,45,112,119,126,121,108,107,98,101,72,79,70,65,84,83,90,93,224,231,238,233,252,251,242,245,216,223,214,209,196,195,202,205,144,151,158,153,140,139,130,133,168,175,166,161,180,179,186,189,235,236,229,226,247,240,249,254,211,212,221,218,207,200,193,198,155,156,149,146,135,128,137,142,163,164,173,170,191,184,177,182,11,12,5,2,23,16,25,30,51,52,61,58,47,40,33,38,123,124,117,114,103,96,105,110,67,68,77,74,95,88,81,86,253,250,243,244,225,230,239,232,197,194,203,204,217,222,215,208,141,138,131,132,145,150,159,152,181,178,187,188,169,174,167,160,29,26,19,20,1,6,15,8,37,34,43,44,57,62,55,48,109,106,99,100,113,118,127,120,85,82,91,92,73,78,71,64,22,17,24,31,10,13,4,3,46,41,32,39,50,53,60,59,102,97,104,111,122,125,116,115,94,89,80,87,66,69,76,75,246,241,248,255,234,237,228,227,206,201,192,199,210,213,220,219,134,129,136,143,154,157,148,147,190,185,176,183,162,165,172,171},
{0,8,16,24,32,40,48,56,64,72,80,88,96,104,112,120,128,136,144,152,160,168,176,184,192,200,208,216,224,232,240,248,43,35,59,51,11,3,27,19,107,99,123,115,75,67,91,83,171,163,187,179,139,131,155,147,235,227,251,243,203,195,219,211,86,94,70,78,118,126,102,110,22,30,6,14,54,62,38,46,214,222,198,206,246,254,230,238,150,158,134,142,182,190,166,174,125,117,109,101,93,85,77,69,61,53,45,37,29,21,13,5,253,245,237,229,221,213,205,197,189,181,173,165,157,149,141,133,172,164,188,180,140,132,156,148,236,228,252,244,204,196,220,212,44,36,60,52,12,4,28,20,108,100,124,116,76,68,92,84,135,143,151,159,167,175,183,191,199,207,215,223,231,239,247,255,7,15,23,31,39,47,55,63,71,79,87,95,103,111,119,127,250,242,234,226,218,210,202,194,186,178,170,162,154,146,138,130,122,114,106,98,90,82,74,66,58,50,42,34,26,18,10,2,209,217,193,201,241,249,225,233,145,153,129,137,177,185,161,169,81,89,65,73,113,121,97,105,17,25,1,9,49,57,33,41},
{0,9,18,27,36,45,54,63,72,65,90,83,108,101,126,119,144,153,130,139,180,189,166,175,216,209,202,195,252,245,238,231,11,2,25,16,47,38,61,52,67,74,81,88,103,110,117,124,155,146,137,128,191,182,173,164,211,218,193,200,247,254,229,236,22,31,4,13,50,59,32,41,94,87,76,69,122,115,104,97,134,143,148,157,162,171,176,185,206,199,220,213,234,227,248,241,29,20,15,6,57,48,43,34,85,92,71,78,113,120,99,106,141,132,159,150,169,160,187,178,197,204,215,222,225,232,243,250,44,37,62,55,8,1,26,19,100,109,118,127,64,73,82,91,188,181,174,167,152,145,138,131,244,253,230,239,208,217,194,203,39,46,53,60,3,10,17,24,111,102,125,116,75,66,89,80,183,190,165,172,147,154,129,136,255,246,237,228,219,210,201,192,58,51,40,33,30,23,12,5,114,123,96,105,86,95,68,77,170,163,184,177,142,135,156,149,226,235,240,249,198,207,212,221,49,56,35,42,21,28,7,14,121,112,107,98,93,84,79,70,161,168,179,186,133,140,151,158,233,224,251,242,205,196,223,214},
{0,10,20,30,40,34,60,54,80,90,68,78,120,114,108,102,160,170,180,190,136,130,156,150,240,250,228,238,216,210,204,198,107,97,127,117,67,73,87,93,59,49,47,37,19,25,7,13,203,193,223,213,227,233,247,253,155,145,143,133,179,185,167,173,214,220,194,200,254,244,234,224,134,140,146,152,174,164,186,176,118,124,98,104,94,84,74,64,38,44,50,56,14,4,26,16,189,183,169,163,149,159,129,139,237,231,249,243,197,207,209,219,29,23,9,3,53,63,33,43,77,71,89,83,101,111,113,123,135,141,147,153,175,165,187,177,215,221,195,201,255,245,235,225,39,45,51,57,15,5,27,17,119,125,99,105,95,85,75,65,236,230,248,242,196,206,208,218,188,182,168,162,148,158,128,138,76,70,88,82,100,110,112,122,28,22,8,2,52,62,32,42,81,91,69,79,121,115,109,103,1,11,21,31,41,35,61,55,241,251,229,239,217,211,205,199,161,171,181,191,137,131,157,151,58,48,46,36,18,24,6,12,106,96,126,116,66,72,86,92,154,144,142,132,178,184,166,172,202,192,222,212,226,232,246,252},
{0,11,22,29,44,39,58,49,88,83,78,69,116,127,98,105,176,187,166,173,156,151,138,129,232,227,254,245,196,207,210,217,75,64,93,86,103,108,113,122,19,24,5,14,63,52,41,34,251,240,237,230,215,220,193,202,163,168,181,190,143,132,153,146,150,157,128,139,186,177,172,167,206,197,216,211,226,233,244,255,38,45,48,59,10,1,28,23,126,117,104,99,82,89,68,79,221,214,203,192,241,250,231,236,133,142,147,152,169,162,191,180,109,102,123,112,65,74,87,92,53,62,35,40,25,18,15,4,7,12,17,26,43,32,61,54,95,84,73,66,115,120,101,110,183,188,161,170,155,144,141,134,239,228,249,242,195,200,213,222,76,71,90,81,96,107,118,125,20,31,2,9,56,51,46,37,252,247,234,225,208,219,198,205,164,175,178,185,136,131,158,149,145,154,135,140,189,182,171,160,201,194,223,212,229,238,243,248,33,42,55,60,13,6,27,16,121,114,111,100,85,94,67,72,218,209,204,199,246,253,224,235,130,137,148,159,174,165,184,179,106,97,124,119,70,77,80,91,50,57,36,47,30,21,8,3},
{0,12,24,20,48,60,40,36,96,108,120,116,80,92,72,68,192,204,216,212,240,252,232,228,160,172,184,180,144,156,136,132,171,167,179,191,155,151,131,143,203,199,211,223,251,247,227,239,107,103,115,127,91,87,67,79,11,7,19,31,59,55,35,47,125,113,101,105,77,65,85,89,29,17,5,9,45,33,53,57,189,177,165,169,141,129,149,153,221,209,197,201,237,225,245,249,214,218,206,194,230,234,254,242,182,186,174,162,134,138,158,146,22,26,14,2,38,42,62,50,118,122,110,98,70,74,94,82,250,246,226,238,202,198,210,222,154,150,130,142,170,166,178,190,58,54,34,46,10,6,18,30,90,86,66,78,106,102,114,126,81,93,73,69,97,109,121,117,49,61,41,37,1,13,25,21,145,157,137,133,161,173,185,181,241,253,233,229,193,205,217,213,135,139,159,147,183,187,175,163,231,235,255,243,215,219,207,195,71,75,95,83,119,123,111,99,39,43,63,51,23,27,15,3,44,32,52,56,28,16,4,8,76,64,84,88,124,112,100,104,236,224,244,248,220,208,196,200,140,128,148,152,188,176,164,168},
{0,13,26,23,52,57,46,35,104,101,114,127,92,81,70,75,208,221,202,199,228,233,254,243,184,181,162,175,140,129,150,155,139,134,145,156,191,178,165,168,227,238,249,244,215,218,205,192,91,86,65,76,111,98,117,120,51,62,41,36,7,10,29,16,61,48,39,42,9,4,19,30,85,88,79,66,97,108,123,118,237,224,247,250,217,212,195,206,133,136,159,146,177,188,171,166,182,187,172,161,130,143,152,149,222,211,196,201,234,231,240,253,102,107,124,113,82,95,72,69,14,3,20,25,58,55,32,45,122,119,96,109,78,67,84,89,18,31,8,5,38,43,60,49,170,167,176,189,158,147,132,137,194,207,216,213,246,251,236,225,241,252,235,230,197,200,223,210,153,148,131,142,173,160,183,186,33,44,59,54,21,24,15,2,73,68,83,94,125,112,103,106,71,74,93,80,115,126,105,100,47,34,53,56,27,22,1,12,151,154,141,128,163,174,185,180,255,242,229,232,203,198,209,220,204,193,214,219,248,245,226,239,164,169,190,179,144,157,138,135,28,17,6,11,40,37,50,63,116,121,110,99,64,77,90,87},
{0,14,28,18,56,54,36,42,112,126,108,98,72,70,84,90,224,238,252,242,216,214,196,202,144,158,140,130,168,166,180,186,235,229,247,249,211,221,207,193,155,149,135,137,163,173,191,177,11,5,23,25,51,61,47,33,123,117,103,105,67,77,95,81,253,243,225,239,197,203,217,215,141,131,145,159,181,187,169,167,29,19,1,15,37,43,57,55,109,99,113,127,85,91,73,71,22,24,10,4,46,32,50,60,102,104,122,116,94,80,66,76,246,248,234,228,206,192,210,220,134,136,154,148,190,176,162,172,209,223,205,195,233,231,245,251,161,175,189,179,153,151,133,139,49,63,45,35,9,7,21,27,65,79,93,83,121,119,101,107,58,52,38,40,2,12,30,16,74,68,86,88,114,124,110,96,218,212,198,200,226,236,254,240,170,164,182,184,146,156,142,128,44,34,48,62,20,26,8,6,92,82,64,78,100,106,120,118,204,194,208,222,244,250,232,230,188,178,160,174,132,138,152,150,199,201,219,213,255,241,227,237,183,185,171,165,143,129,147,157,39,41,59,53,31,17,3,13,87,89,75,69,111,97,115,125},
{0,15,30,17,60,51,34,45,120,119,102,105,68,75,90,85,240,255,238,225,204,195,210,221,136,135,150,153,180,187,170,165,203,196,213,218,247,248,233,230,179,188,173,162,143,128,145,158,59,52,37,42,7,8,25,22,67,76,93,82,127,112,97,110,189,178,163,172,129,142,159,144,197,202,219,212,249,246,231,232,77,66,83,92,113,126,111,96,53,58,43,36,9,6,23,24,118,121,104,103,74,69,84,91,14,1,16,31,50,61,44,35,134,137,152,151,186,181,164,171,254,241,224,239,194,205,220,211,81,94,79,64,109,98,115,124,41,38,55,56,21,26,11,4,161,174,191,176,157,146,131,140,217,214,199,200,229,234,251,244,154,149,132,139,166,169,184,183,226,237,252,243,222,209,192,207,106,101,116,123,86,89,72,71,18,29,12,3,46,33,48,63,236,227,242,253,208,223,206,193,148,155,138,133,168,167,182,185,28,19,2,13,32,47,62,49,100,107,122,117,88,87,70,73,39,40,57,54,27,20,5,10,95,80,65,78,99,108,125,114,215,216,201,198,235,228,245,250,175,160,177,190,147,156,141,130},
{0,16,32,48,64,80,96,112,128,144,160,176,192,208,224,240,43,59,11,27,107,123,75,91,171,187,139,155,235,251,203,219,86,70,118,102,22,6,54,38,214,198,246,230,150,134,182,166,125,109,93,77,61,45,29,13,253,237,221,205,189,173,157,141,172,188,140,156,236,252,204,220,44,60,12,28,108,124,76,92,135,151,167,183,199,215,231,247,7,23,39,55,71,87,103,119,250,234,218,202,186,170,154,138,122,106,90,74,58,42,26,10,209,193,241,225,145,129,177,161,81,65,113,97,17,1,49,33,115,99,83,67,51,35,19,3,243,227,211,195,179,163,147,131,88,72,120,104,24,8,56,40,216,200,248,232,152,136,184,168,37,53,5,21,101,117,69,85,165,181,133,149,229,245,197,213,14,30,46,62,78,94,110,126,142,158,174,190,206,222,238,254,223,207,255,239,159,143,191,175,95,79,127,111,31,15,63,47,244,228,212,196,180,164,148,132,116,100,84,68,52,36,20,4,137,153,169,185,201,217,233,249,9,25,41,57,73,89,105,121,162,178,130,146,226,242,194,210,34,50,2,18,98,114,66,82},
{0,17,34,51,68,85,102,119,136,153,170,187,204,221,238,255,59,42,25,8,127,110,93,76,179,162,145,128,247,230,213,196,118,103,84,69,50,35,16,1,254,239,220,205,186,171,152,137,77,92,111,126,9,24,43,58,197,212,231,246,129,144,163,178,236,253,206,223,168,185,138,155,100,117,70,87,32,49,2,19,215,198,245,228,147,130,177,160,95,78,125,108,27,10,57,40,154,139,184,169,222,207,252,237,18,3,48,33,86,71,116,101,161,176,131,146,229,244,199,214,41,56,11,26,109,124,79,94,243,226,209,192,183,166,149,132,123,106,89,72,63,46,29,12,200,217,234,251,140,157,174,191,64,81,98,115,4,21,38,55,133,148,167,182,193,208,227,242,13,28,47,62,73,88,107,122,190,175,156,141,250,235,216,201,54,39,20,5,114,99,80,65,31,14,61,44,91,74,121,104,151,134,181,164,211,194,241,224,36,53,6,23,96,113,66,83,172,189,142,159,232,249,202,219,105,120,75,90,45,60,15,30,225,240,195,210,165,180,135,150,82,67,112,97,22,7,52,37,218,203,248,233,158,143,188,173},
{0,18,36,54,72,90,108,126,144,130,180,166,216,202,252,238,11,25,47,61,67,81,103,117,155,137,191,173,211,193,247,229,22,4,50,32,94,76,122,104,134,148,162,176,206,220,234,248,29,15,57,43,85,71,113,99,141,159,169,187,197,215,225,243,44,62,8,26,100,118,64,82,188,174,152,138,244,230,208,194,39,53,3,17,111,125,75,89,183,165,147,129,255,237,219,201,58,40,30,12,114,96,86,68,170,184,142,156,226,240,198,212,49,35,21,7,121,107,93,79,161,179,133,151,233,251,205,223,88,74,124,110,16,2,52,38,200,218,236,254,128,146,164,182,83,65,119,101,27,9,63,45,195,209,231,245,139,153,175,189,78,92,106,120,6,20,34,48,222,204,250,232,150,132,178,160,69,87,97,115,13,31,41,59,213,199,241,227,157,143,185,171,116,102,80,66,60,46,24,10,228,246,192,210,172,190,136,154,127,109,91,73,55,37,19,1,239,253,203,217,167,181,131,145,98,112,70,84,42,56,14,28,242,224,214,196,186,168,158,140,105,123,77,95,33,51,5,23,249,235,221,207,177,163,149,135},
{0,19,38,53,76,95,106,121,152,139,190,173,212,199,242,225,27,8,61,46,87,68,113,98,131,144,165,182,207,220,233,250,54,37,16,3,122,105,92,79,174,189,136,155,226,241,196,215,45,62,11,24,97,114,71,84,181,166,147,128,249,234,223,204,108,127,74,89,32,51,6,21,244,231,210,193,184,171,158,141,119,100,81,66,59,40,29,14,239,252,201,218,163,176,133,150,90,73,124,111,22,5,48,35,194,209,228,247,142,157,168,187,65,82,103,116,13,30,43,56,217,202,255,236,149,134,179,160,216,203,254,237,148,135,178,161,64,83,102,117,12,31,42,57,195,208,229,246,143,156,169,186,91,72,125,110,23,4,49,34,238,253,200,219,162,177,132,151,118,101,80,67,58,41,28,15,245,230,211,192,185,170,159,140,109,126,75,88,33,50,7,20,180,167,146,129,248,235,222,205,44,63,10,25,96,115,70,85,175,188,137,154,227,240,197,214,55,36,17,2,123,104,93,78,130,145,164,183,206,221,232,251,26,9,60,47,86,69,112,99,153,138,191,172,213,198,243,224,1,18,39,52,77,94,107,120},
{0,20,40,60,80,68,120,108,160,180,136,156,240,228,216,204,107,127,67,87,59,47,19,7,203,223,227,247,155,143,179,167,214,194,254,234,134,146,174,186,118,98,94,74,38,50,14,26,189,169,149,129,237,249,197,209,29,9,53,33,77,89,101,113,135,147,175,187,215,195,255,235,39,51,15,27,119,99,95,75,236,248,196,208,188,168,148,128,76,88,100,112,28,8,52,32,81,69,121,109,1,21,41,61,241,229,217,205,161,181,137,157,58,46,18,6,106,126,66,86,154,142,178,166,202,222,226,246,37,49,13,25,117,97,93,73,133,145,173,185,213,193,253,233,78,90,102,114,30,10,54,34,238,250,198,210,190,170,150,130,243,231,219,207,163,183,139,159,83,71,123,111,3,23,43,63,152,140,176,164,200,220,224,244,56,44,16,4,104,124,64,84,162,182,138,158,242,230,218,206,2,22,42,62,82,70,122,110,201,221,225,245,153,141,177,165,105,125,65,85,57,45,17,5,116,96,92,72,36,48,12,24,212,192,252,232,132,144,172,184,31,11,55,35,79,91,103,115,191,171,151,131,239,251,199,211},
{0,21,42,63,84,65,126,107,168,189,130,151,252,233,214,195,123,110,81,68,47,58,5,16,211,198,249,236,135,146,173,184,246,227,220,201,162,183,136,157,94,75,116,97,10,31,32,53,141,152,167,178,217,204,243,230,37,48,15,26,113,100,91,78,199,210,237,248,147,134,185,172,111,122,69,80,59,46,17,4,188,169,150,131,232,253,194,215,20,1,62,43,64,85,106,127,49,36,27,14,101,112,79,90,153,140,179,166,205,216,231,242,74,95,96,117,30,11,52,33,226,247,200,221,182,163,156,137,165,176,143,154,241,228,219,206,13,24,39,50,89,76,115,102,222,203,244,225,138,159,160,181,118,99,92,73,34,55,8,29,83,70,121,108,7,18,45,56,251,238,209,196,175,186,133,144,40,61,2,23,124,105,86,67,128,149,170,191,212,193,254,235,98,119,72,93,54,35,28,9,202,223,224,245,158,139,180,161,25,12,51,38,77,88,103,114,177,164,155,142,229,240,207,218,148,129,190,171,192,213,234,255,60,41,22,3,104,125,66,87,239,250,197,208,187,174,145,132,71,82,109,120,19,6,57,44},
{0,22,44,58,88,78,116,98,176,166,156,138,232,254,196,210,75,93,103,113,19,5,63,41,251,237,215,193,163,181,143,153,150,128,186,172,206,216,226,244,38,48,10,28,126,104,82,68,221,203,241,231,133,147,169,191,109,123,65,87,53,35,25,15,7,17,43,61,95,73,115,101,183,161,155,141,239,249,195,213,76,90,96,118,20,2,56,46,252,234,208,198,164,178,136,158,145,135,189,171,201,223,229,243,33,55,13,27,121,111,85,67,218,204,246,224,130,148,174,184,106,124,70,80,50,36,30,8,14,24,34,52,86,64,122,108,190,168,146,132,230,240,202,220,69,83,105,127,29,11,49,39,245,227,217,207,173,187,129,151,152,142,180,162,192,214,236,250,40,62,4,18,112,102,92,74,211,197,255,233,139,157,167,177,99,117,79,89,59,45,23,1,9,31,37,51,81,71,125,107,185,175,149,131,225,247,205,219,66,84,110,120,26,12,54,32,242,228,222,200,170,188,134,144,159,137,179,165,199,209,235,253,47,57,3,21,119,97,91,77,212,194,248,238,140,154,160,182,100,114,72,94,60,42,16,6},
{0,23,46,57,92,75,114,101,184,175,150,129,228,243,202,221,91,76,117,98,7,16,41,62,227,244,205,218,191,168,145,134,182,161,152,143,234,253,196,211,14,25,32,55,82,69,124,107,237,250,195,212,177,166,159,136,85,66,123,108,9,30,39,48,71,80,105,126,27,12,53,34,255,232,209,198,163,180,141,154,28,11,50,37,64,87,110,121,164,179,138,157,248,239,214,193,241,230,223,200,173,186,131,148,73,94,103,112,21,2,59,44,170,189,132,147,246,225,216,207,18,5,60,43,78,89,96,119,142,153,160,183,210,197,252,235,54,33,24,15,106,125,68,83,213,194,251,236,137,158,167,176,109,122,67,84,49,38,31,8,56,47,22,1,100,115,74,93,128,151,174,185,220,203,242,229,99,116,77,90,63,40,17,6,219,204,245,226,135,144,169,190,201,222,231,240,149,130,187,172,113,102,95,72,45,58,3,20,146,133,188,171,206,217,224,247,42,61,4,19,118,97,88,79,127,104,81,70,35,52,13,26,199,208,233,254,155,140,181,162,36,51,10,29,120,111,86,65,156,139,178,165,192,215,238,249},
{0,24,48,40,96,120,80,72,192,216,240,232,160,184,144,136,171,179,155,131,203,211,251,227,107,115,91,67,11,19,59,35,125,101,77,85,29,5,45,53,189,165,141,149,221,197,237,245,214,206,230,254,182,174,134,158,22,14,38,62,118,110,70,94,250,226,202,210,154,130,170,178,58,34,10,18,90,66,106,114,81,73,97,121,49,41,1,25,145,137,161,185,241,233,193,217,135,159,183,175,231,255,215,207,71,95,119,111,39,63,23,15,44,52,28,4,76,84,124,100,236,244,220,196,140,148,188,164,223,199,239,247,191,167,143,151,31,7,47,55,127,103,79,87,116,108,68,92,20,12,36,60,180,172,132,156,212,204,228,252,162,186,146,138,194,218,242,234,98,122,82,74,2,26,50,42,9,17,57,33,105,113,89,65,201,209,249,225,169,177,153,129,37,61,21,13,69,93,117,109,229,253,213,205,133,157,181,173,142,150,190,166,238,246,222,198,78,86,126,102,46,54,30,6,88,64,104,112,56,32,8,16,152,128,168,176,248,224,200,208,243,235,195,219,147,139,163,187,51,43,3,27,83,75,99,123},
{0,25,50,43,100,125,86,79,200,209,250,227,172,181,158,135,187,162,137,144,223,198,237,244,115,106,65,88,23,14,37,60,93,68,111,118,57,32,11,18,149,140,167,190,241,232,195,218,230,255,212,205,130,155,176,169,46,55,28,5,74,83,120,97,186,163,136,145,222,199,236,245,114,107,64,89,22,15,36,61,1,24,51,42,101,124,87,78,201,208,251,226,173,180,159,134,231,254,213,204,131,154,177,168,47,54,29,4,75,82,121,96,92,69,110,119,56,33,10,19,148,141,166,191,240,233,194,219,95,70,109,116,59,34,9,16,151,142,165,188,243,234,193,216,228,253,214,207,128,153,178,171,44,53,30,7,72,81,122,99,2,27,48,41,102,127,84,77,202,211,248,225,174,183,156,133,185,160,139,146,221,196,239,246,113,104,67,90,21,12,39,62,229,252,215,206,129,152,179,170,45,52,31,6,73,80,123,98,94,71,108,117,58,35,8,17,150,143,164,189,242,235,192,217,184,161,138,147,220,197,238,247,112,105,66,91,20,13,38,63,3,26,49,40,103,126,85,76,203,210,249,224,175,182,157,132},
{0,26,52,46,104,114,92,70,208,202,228,254,184,162,140,150,139,145,191,165,227,249,215,205,91,65,111,117,51,41,7,29,61,39,9,19,85,79,97,123,237,247,217,195,133,159,177,171,182,172,130,152,222,196,234,240,102,124,82,72,14,20,58,32,122,96,78,84,18,8,38,60,170,176,158,132,194,216,246,236,241,235,197,223,153,131,173,183,33,59,21,15,73,83,125,103,71,93,115,105,47,53,27,1,151,141,163,185,255,229,203,209,204,214,248,226,164,190,144,138,28,6,40,50,116,110,64,90,244,238,192,218,156,134,168,178,36,62,16,10,76,86,120,98,127,101,75,81,23,13,35,57,175,181,155,129,199,221,243,233,201,211,253,231,161,187,149,143,25,3,45,55,113,107,69,95,66,88,118,108,42,48,30,4,146,136,166,188,250,224,206,212,142,148,186,160,230,252,210,200,94,68,106,112,54,44,2,24,5,31,49,43,109,119,89,67,213,207,225,251,189,167,137,147,179,169,135,157,219,193,239,245,99,121,87,77,11,17,63,37,56,34,12,22,80,74,100,126,232,242,220,198,128,154,180,174},
{0,27,54,45,108,119,90,65,216,195,238,245,180,175,130,153,155,128,173,182,247,236,193,218,67,88,117,110,47,52,25,2,29,6,43,48,113,106,71,92,197,222,243,232,169,178,159,132,134,157,176,171,234,241,220,199,94,69,104,115,50,41,4,31,58,33,12,23,86,77,96,123,226,249,212,207,142,149,184,163,161,186,151,140,205,214,251,224,121,98,79,84,21,14,35,56,39,60,17,10,75,80,125,102,255,228,201,210,147,136,165,190,188,167,138,145,208,203,230,253,100,127,82,73,8,19,62,37,116,111,66,89,24,3,46,53,172,183,154,129,192,219,246,237,239,244,217,194,131,152,181,174,55,44,1,26,91,64,109,118,105,114,95,68,5,30,51,40,177,170,135,156,221,198,235,240,242,233,196,223,158,133,168,179,42,49,28,7,70,93,112,107,78,85,120,99,34,57,20,15,150,141,160,187,250,225,204,215,213,206,227,248,185,162,143,148,13,22,59,32,97,122,87,76,83,72,101,126,63,36,9,18,139,144,189,166,231,252,209,202,200,211,254,229,164,191,146,137,16,11,38,61,124,103,74,81},
{0,28,56,36,112,108,72,84,224,252,216,196,144,140,168,180,235,247,211,207,155,135,163,191,11,23,51,47,123,103,67,95,253,225,197,217,141,145,181,169,29,1,37,57,109,113,85,73,22,10,46,50,102,122,94,66,246,234,206,210,134,154,190,162,209,205,233,245,161,189,153,133,49,45,9,21,65,93,121,101,58,38,2,30,74,86,114,110,218,198,226,254,170,182,146,142,44,48,20,8,92,64,100,120,204,208,244,232,188,160,132,152,199,219,255,227,183,171,143,147,39,59,31,3,87,75,111,115,137,149,177,173,249,229,193,221,105,117,81,77,25,5,33,61,98,126,90,70,18,14,42,54,130,158,186,166,242,238,202,214,116,104,76,80,4,24,60,32,148,136,172,176,228,248,220,192,159,131,167,187,239,243,215,203,127,99,71,91,15,19,55,43,88,68,96,124,40,52,16,12,184,164,128,156,200,212,240,236,179,175,139,151,195,223,251,231,83,79,107,119,35,63,27,7,165,185,157,129,213,201,237,241,69,89,125,97,53,41,13,17,78,82,118,106,62,34,6,26,174,178,150,138,222,194,230,250},
{0,29,58,39,116,105,78,83,232,245,210,207,156,129,166,187,251,230,193,220,143,146,181,168,19,14,41,52,103,122,93,64,221,192,231,250,169,180,147,142,53,40,15,18,65,92,123,102,38,59,28,1,82,79,104,117,206,211,244,233,186,167,128,157,145,140,171,182,229,248,223,194,121,100,67,94,13,16,55,42,106,119,80,77,30,3,36,57,130,159,184,165,246,235,204,209,76,81,118,107,56,37,2,31,164,185,158,131,208,205,234,247,183,170,141,144,195,222,249,228,95,66,101,120,43,54,17,12,9,20,51,46,125,96,71,90,225,252,219,198,149,136,175,178,242,239,200,213,134,155,188,161,26,7,32,61,110,115,84,73,212,201,238,243,160,189,154,135,60,33,6,27,72,85,114,111,47,50,21,8,91,70,97,124,199,218,253,224,179,174,137,148,152,133,162,191,236,241,214,203,112,109,74,87,4,25,62,35,99,126,89,68,23,10,45,48,139,150,177,172,255,226,197,216,69,88,127,98,49,44,11,22,173,176,151,138,217,196,227,254,190,163,132,153,202,215,240,237,86,75,108,113,34,63,24,5},
{0,30,60,34,120,102,68,90,240,238,204,210,136,150,180,170,203,213,247,233,179,173,143,145,59,37,7,25,67,93,127,97,189,163,129,159,197,219,249,231,77,83,113,111,53,43,9,23,118,104,74,84,14,16,50,44,134,152,186,164,254,224,194,220,81,79,109,115,41,55,21,11,161,191,157,131,217,199,229,251,154,132,166,184,226,252,222,192,106,116,86,72,18,12,46,48,236,242,208,206,148,138,168,182,28,2,32,62,100,122,88,70,39,57,27,5,95,65,99,125,215,201,235,245,175,177,147,141,162,188,158,128,218,196,230,248,82,76,110,112,42,52,22,8,105,119,85,75,17,15,45,51,153,135,165,187,225,255,221,195,31,1,35,61,103,121,91,69,239,241,211,205,151,137,171,181,212,202,232,246,172,178,144,142,36,58,24,6,92,66,96,126,243,237,207,209,139,149,183,169,3,29,63,33,123,101,71,89,56,38,4,26,64,94,124,98,200,214,244,234,176,174,140,146,78,80,114,108,54,40,10,20,190,160,130,156,198,216,250,228,133,155,185,167,253,227,193,223,117,107,73,87,13,19,49,47},
{0,31,62,33,124,99,66,93,248,231,198,217,132,155,186,165,219,196,229,250,167,184,153,134,35,60,29,2,95,64,97,126,157,130,163,188,225,254,223,192,101,122,91,68,25,6,39,56,70,89,120,103,58,37,4,27,190,161,128,159,194,221,252,227,17,14,47,48,109,114,83,76,233,246,215,200,149,138,171,180,202,213,244,235,182,169,136,151,50,45,12,19,78,81,112,111,140,147,178,173,240,239,206,209,116,107,74,85,8,23,54,41,87,72,105,118,43,52,21,10,175,176,145,142,211,204,237,242,34,61,28,3,94,65,96,127,218,197,228,251,166,185,152,135,249,230,199,216,133,154,187,164,1,30,63,32,125,98,67,92,191,160,129,158,195,220,253,226,71,88,121,102,59,36,5,26,100,123,90,69,24,7,38,57,156,131,162,189,224,255,222,193,51,44,13,18,79,80,113,110,203,212,245,234,183,168,137,150,232,247,214,201,148,139,170,181,16,15,46,49,108,115,82,77,174,177,144,143,210,205,236,243,86,73,104,119,42,53,20,11,117,106,75,84,9,22,55,40,141,146,179,172,241,238,207,208},
{0,32,64,96,128,160,192,224,43,11,107,75,171,139,235,203,86,118,22,54,214,246,150,182,125,93,61,29,253,221,189,157,172,140,236,204,44,12,108,76,135,167,199,231,7,39,71,103,250,218,186,154,122,90,58,26,209,241,145,177,81,113,17,49,115,83,51,19,243,211,179,147,88,120,24,56,216,248,152,184,37,5,101,69,165,133,229,197,14,46,78,110,142,174,206,238,223,255,159,191,95,127,31,63,244,212,180,148,116,84,52,20,137,169,201,233,9,41,73,105,162,130,226,194,34,2,98,66,230,198,166,134,102,70,38,6,205,237,141,173,77,109,13,45,176,144,240,208,48,16,112,80,155,187,219,251,27,59,91,123,74,106,10,42,202,234,138,170,97,65,33,1,225,193,161,129,28,60,92,124,156,188,220,252,55,23,119,87,183,151,247,215,149,181,213,245,21,53,85,117,190,158,254,222,62,30,126,94,195,227,131,163,67,99,3,35,232,200,168,136,104,72,40,8,57,25,121,89,185,153,249,217,18,50,82,114,146,178,210,242,111,79,47,15,239,207,175,143,68,100,4,36,196,228,132,164},
{0,33,66,99,132,165,198,231,35,2,97,64,167,134,229,196,70,103,4,37,194,227,128,161,101,68,39,6,225,192,163,130,140,173,206,239,8,41,74,107,175,142,237,204,43,10,105,72,202,235,136,169,78,111,12,45,233,200,171,138,109,76,47,14,51,18,113,80,183,150,245,212,16,49,82,115,148,181,214,247,117,84,55,22,241,208,179,146,86,119,20,53,210,243,144,177,191,158,253,220,59,26,121,88,156,189,222,255,24,57,90,123,249,216,187,154,125,92,63,30,218,251,152,185,94,127,28,61,102,71,36,5,226,195,160,129,69,100,7,38,193,224,131,162,32,1,98,67,164,133,230,199,3,34,65,96,135,166,197,228,234,203,168,137,110,79,44,13,201,232,139,170,77,108,15,46,172,141,238,207,40,9,106,75,143,174,205,236,11,42,73,104,85,116,23,54,209,240,147,178,118,87,52,21,242,211,176,145,19,50,81,112,151,182,213,244,48,17,114,83,180,149,246,215,217,248,155,186,93,124,31,62,250,219,184,153,126,95,60,29,159,190,221,252,27,58,89,120,188,157,254,223,56,25,122,91},
{0,34,68,102,136,170,204,238,59,25,127,93,179,145,247,213,118,84,50,16,254,220,186,152,77,111,9,43,197,231,129,163,236,206,168,138,100,70,32,2,215,245,147,177,95,125,27,57,154,184,222,252,18,48,86,116,161,131,229,199,41,11,109,79,243,209,183,149,123,89,63,29,200,234,140,174,64,98,4,38,133,167,193,227,13,47,73,107,190,156,250,216,54,20,114,80,31,61,91,121,151,181,211,241,36,6,96,66,172,142,232,202,105,75,45,15,225,195,165,135,82,112,22,52,218,248,158,188,205,239,137,171,69,103,1,35,246,212,178,144,126,92,58,24,187,153,255,221,51,17,119,85,128,162,196,230,8,42,76,110,33,3,101,71,169,139,237,207,26,56,94,124,146,176,214,244,87,117,19,49,223,253,155,185,108,78,40,10,228,198,160,130,62,28,122,88,182,148,242,208,5,39,65,99,141,175,201,235,72,106,12,46,192,226,132,166,115,81,55,21,251,217,191,157,210,240,150,180,90,120,30,60,233,203,173,143,97,67,37,7,164,134,224,194,44,14,104,74,159,189,219,249,23,53,83,113},
{0,35,70,101,140,175,202,233,51,16,117,86,191,156,249,218,102,69,32,3,234,201,172,143,85,118,19,48,217,250,159,188,204,239,138,169,64,99,6,37,255,220,185,154,115,80,53,22,170,137,236,207,38,5,96,67,153,186,223,252,21,54,83,112,179,144,245,214,63,28,121,90,128,163,198,229,12,47,74,105,213,246,147,176,89,122,31,60,230,197,160,131,106,73,44,15,127,92,57,26,243,208,181,150,76,111,10,41,192,227,134,165,25,58,95,124,149,182,211,240,42,9,108,79,166,133,224,195,77,110,11,40,193,226,135,164,126,93,56,27,242,209,180,151,43,8,109,78,167,132,225,194,24,59,94,125,148,183,210,241,129,162,199,228,13,46,75,104,178,145,244,215,62,29,120,91,231,196,161,130,107,72,45,14,212,247,146,177,88,123,30,61,254,221,184,155,114,81,52,23,205,238,139,168,65,98,7,36,152,187,222,253,20,55,82,113,171,136,237,206,39,4,97,66,50,17,116,87,190,157,248,219,1,34,71,100,141,174,203,232,84,119,18,49,216,251,158,189,103,68,33,2,235,200,173,142},
{0,36,72,108,144,180,216,252,11,47,67,103,155,191,211,247,22,50,94,122,134,162,206,234,29,57,85,113,141,169,197,225,44,8,100,64,188,152,244,208,39,3,111,75,183,147,255,219,58,30,114,86,170,142,226,198,49,21,121,93,161,133,233,205,88,124,16,52,200,236,128,164,83,119,27,63,195,231,139,175,78,106,6,34,222,250,150,178,69,97,13,41,213,241,157,185,116,80,60,24,228,192,172,136,127,91,55,19,239,203,167,131,98,70,42,14,242,214,186,158,105,77,33,5,249,221,177,149,176,148,248,220,32,4,104,76,187,159,243,215,43,15,99,71,166,130,238,202,54,18,126,90,173,137,229,193,61,25,117,81,156,184,212,240,12,40,68,96,151,179,223,251,7,35,79,107,138,174,194,230,26,62,82,118,129,165,201,237,17,53,89,125,232,204,160,132,120,92,48,20,227,199,171,143,115,87,59,31,254,218,182,146,110,74,38,2,245,209,189,153,101,65,45,9,196,224,140,168,84,112,28,56,207,235,135,163,95,123,23,51,210,246,154,190,66,102,10,46,217,253,145,181,73,109,1,37},
{0,37,74,111,148,177,222,251,3,38,73,108,151,178,221,248,6,35,76,105,146,183,216,253,5,32,79,106,145,180,219,254,12,41,70,99,152,189,210,247,15,42,69,96,155,190,209,244,10,47,64,101,158,187,212,241,9,44,67,102,157,184,215,242,24,61,82,119,140,169,198,227,27,62,81,116,143,170,197,224,30,59,84,113,138,175,192,229,29,56,87,114,137,172,195,230,20,49,94,123,128,165,202,239,23,50,93,120,131,166,201,236,18,55,88,125,134,163,204,233,17,52,91,126,133,160,207,234,48,21,122,95,164,129,238,203,51,22,121,92,167,130,237,200,54,19,124,89,162,135,232,205,53,16,127,90,161,132,235,206,60,25,118,83,168,141,226,199,63,26,117,80,171,142,225,196,58,31,112,85,174,139,228,193,57,28,115,86,173,136,231,194,40,13,98,71,188,153,246,211,43,14,97,68,191,154,245,208,46,11,100,65,186,159,240,213,45,8,103,66,185,156,243,214,36,1,110,75,176,149,250,223,39,2,109,72,179,150,249,220,34,7,104,77,182,147,252,217,33,4,107,78,181,144,255,218},
{0,38,76,106,152,190,212,242,27,61,87,113,131,165,207,233,54,16,122,92,174,136,226,196,45,11,97,71,181,147,249,223,108,74,32,6,244,210,184,158,119,81,59,29,239,201,163,133,90,124,22,48,194,228,142,168,65,103,13,43,217,255,149,179,216,254,148,178,64,102,12,42,195,229,143,169,91,125,23,49,238,200,162,132,118,80,58,28,245,211,185,159,109,75,33,7,180,146,248,222,44,10,96,70,175,137,227,197,55,17,123,93,130,164,206,232,26,60,86,112,153,191,213,243,1,39,77,107,155,189,215,241,3,37,79,105,128,166,204,234,24,62,84,114,173,139,225,199,53,19,121,95,182,144,250,220,46,8,98,68,247,209,187,157,111,73,35,5,236,202,160,134,116,82,56,30,193,231,141,171,89,127,21,51,218,252,150,176,66,100,14,40,67,101,15,41,219,253,151,177,88,126,20,50,192,230,140,170,117,83,57,31,237,203,161,135,110,72,34,4,246,208,186,156,47,9,99,69,183,145,251,221,52,18,120,94,172,138,224,198,25,63,85,115,129,167,205,235,2,36,78,104,154,188,214,240},
{0,39,78,105,156,187,210,245,19,52,93,122,143,168,193,230,38,1,104,79,186,157,244,211,53,18,123,92,169,142,231,192,76,107,2,37,208,247,158,185,95,120,17,54,195,228,141,170,106,77,36,3,246,209,184,159,121,94,55,16,229,194,171,140,152,191,214,241,4,35,74,109,139,172,197,226,23,48,89,126,190,153,240,215,34,5,108,75,173,138,227,196,49,22,127,88,212,243,154,189,72,111,6,33,199,224,137,174,91,124,21,50,242,213,188,155,110,73,32,7,225,198,175,136,125,90,51,20,27,60,85,114,135,160,201,238,8,47,70,97,148,179,218,253,61,26,115,84,161,134,239,200,46,9,96,71,178,149,252,219,87,112,25,62,203,236,133,162,68,99,10,45,216,255,150,177,113,86,63,24,237,202,163,132,98,69,44,11,254,217,176,151,131,164,205,234,31,56,81,118,144,183,222,249,12,43,66,101,165,130,235,204,57,30,119,80,182,145,248,223,42,13,100,67,207,232,129,166,83,116,29,58,220,251,146,181,64,103,14,41,233,206,167,128,117,82,59,28,250,221,180,147,102,65,40,15},
{0,40,80,120,160,136,240,216,107,67,59,19,203,227,155,179,214,254,134,174,118,94,38,14,189,149,237,197,29,53,77,101,135,175,215,255,39,15,119,95,236,196,188,148,76,100,28,52,81,121,1,41,241,217,161,137,58,18,106,66,154,178,202,226,37,13,117,93,133,173,213,253,78,102,30,54,238,198,190,150,243,219,163,139,83,123,3,43,152,176,200,224,56,16,104,64,162,138,242,218,2,42,82,122,201,225,153,177,105,65,57,17,116,92,36,12,212,252,132,172,31,55,79,103,191,151,239,199,74,98,26,50,234,194,186,146,33,9,113,89,129,169,209,249,156,180,204,228,60,20,108,68,247,223,167,143,87,127,7,47,205,229,157,181,109,69,61,21,166,142,246,222,6,46,86,126,27,51,75,99,187,147,235,195,112,88,32,8,208,248,128,168,111,71,63,23,207,231,159,183,4,44,84,124,164,140,244,220,185,145,233,193,25,49,73,97,210,250,130,170,114,90,34,10,232,192,184,144,72,96,24,48,131,171,211,251,35,11,115,91,62,22,110,70,158,182,206,230,85,125,5,45,245,221,165,141},
{0,41,82,123,164,141,246,223,99,74,49,24,199,238,149,188,198,239,148,189,98,75,48,25,165,140,247,222,1,40,83,122,167,142,245,220,3,42,81,120,196,237,150,191,96,73,50,27,97,72,51,26,197,236,151,190,2,43,80,121,166,143,244,221,101,76,55,30,193,232,147,186,6,47,84,125,162,139,240,217,163,138,241,216,7,46,85,124,192,233,146,187,100,77,54,31,194,235,144,185,102,79,52,29,161,136,243,218,5,44,87,126,4,45,86,127,160,137,242,219,103,78,53,28,195,234,145,184,202,227,152,177,110,71,60,21,169,128,251,210,13,36,95,118,12,37,94,119,168,129,250,211,111,70,61,20,203,226,153,176,109,68,63,22,201,224,155,178,14,39,92,117,170,131,248,209,171,130,249,208,15,38,93,116,200,225,154,179,108,69,62,23,175,134,253,212,11,34,89,112,204,229,158,183,104,65,58,19,105,64,59,18,205,228,159,182,10,35,88,113,174,135,252,213,8,33,90,115,172,133,254,215,107,66,57,16,207,230,157,180,206,231,156,181,106,67,56,17,173,132,255,214,9,32,91,114},
{0,42,84,126,168,130,252,214,123,81,47,5,211,249,135,173,246,220,162,136,94,116,10,32,141,167,217,243,37,15,113,91,199,237,147,185,111,69,59,17,188,150,232,194,20,62,64,106,49,27,101,79,153,179,205,231,74,96,30,52,226,200,182,156,165,143,241,219,13,39,89,115,222,244,138,160,118,92,34,8,83,121,7,45,251,209,175,133,40,2,124,86,128,170,212,254,98,72,54,28,202,224,158,180,25,51,77,103,177,155,229,207,148,190,192,234,60,22,104,66,239,197,187,145,71,109,19,57,97,75,53,31,201,227,157,183,26,48,78,100,178,152,230,204,151,189,195,233,63,21,107,65,236,198,184,146,68,110,16,58,166,140,242,216,14,36,90,112,221,247,137,163,117,95,33,11,80,122,4,46,248,210,172,134,43,1,127,85,131,169,215,253,196,238,144,186,108,70,56,18,191,149,235,193,23,61,67,105,50,24,102,76,154,176,206,228,73,99,29,55,225,203,181,159,3,41,87,125,171,129,255,213,120,82,44,6,208,250,132,174,245,223,161,139,93,119,9,35,142,164,218,240,38,12,114,88},
